0 0
1 74155
2 74220.3
3 74220.3
4 74257.8
5 81938.2
6 82230.8
7 84706.5
8 84706.5
9 87071.2
10 87071.2
11 88419.9
12 87071.2
13 87490.2
14 87717.4
15 87717.4
16 87717.4
17 87717.4
18 87717.4
19 87717.4
20 87717.4
21 87717.4
22 87717.4
23 87694.2
24 87380.6
25 87380.6
26 88904.1
27 89131.4
28 87196.7
29 87196.7
30 87196.7
31 87196.7
32 87196.7
33 87196.8
34 88050.4
35 90106.5
36 90128
37 90129.1
38 90135.8
39 90135.8
40 91732
41 90158.4
42 90158.4
43 90837.1
44 90150.9
45 90129.1
46 90127.4
47 90127.4
48 90129.1
49 90129.1
