0 59881.6
1 60340.1
2 60487.4
3 61432.8
4 61860.1
5 63422.9
6 63893.4
7 64168.8
8 68494.1
9 68719.9
10 68815.4
11 68911.2
12 68997.4
13 64737
14 69121.4
15 69625.6
16 69769.5
17 70005.5
18 70184.8
19 70199
20 70264.1
21 70923.5
22 70924.7
23 71262.2
24 71596.3
25 71728.3
26 72010.2
27 72334.8
28 72561.3
29 72670.3
30 73008.9
31 73073.3
32 73480
33 71429.8
34 74079.1
35 74385.6
36 74768.7
37 75071.7
38 75298.6
39 75722.1
40 75833.1
41 76421.4
42 76995.3
43 77447.2
44 77711.2
45 78056.8
46 78477.4
47 78717.6
48 79362.6
49 79364.3
