0 0
1 3328.88
2 3328.88
3 3328.88
4 3302.33
5 3302.33
6 3302.33
7 3302.33
8 3257.88
9 3242.24
10 3242.24
11 3234.4
12 3297.78
13 3276.27
14 3273.56
15 3251.56
16 3254.26
17 3247.09
18 3269.05
19 3234.13
20 3240.6
21 3263.52
22 3268.84
23 3259.25
24 3259.25
25 3265.53
26 3234.89
27 3257.99
28 3234.3
29 3246.95
30 3229.62
31 3270.89
32 3270.89
33 3270.89
34 3270.89
35 3282.41
36 3270.89
37 3267.83
38 3270.89
39 3275.15
40 3270.74
41 3217.98
42 3224.09
43 3245.76
44 3280.17
45 3234.81
46 3234.81
47 3287.31
48 3274.35
49 3274.35
