0 0
1 3363.03
2 3363.72
3 3361.91
4 3368.28
5 3367.23
6 3367.23
7 3369.1
8 3369.48
9 3364.86
10 3366.65
11 3367.15
12 3369.49
13 3370.7
14 3370.06
15 3370.22
16 3367.67
17 3368.24
18 3368.38
19 3369.46
20 3361.95
21 3361.99
22 3366.12
23 3359.58
24 3359.02
25 3362.55
26 3362.88
27 3348.34
28 3346.18
29 3346.73
30 3346.76
31 3350.36
32 3346.23
33 3347.63
34 3364.82
35 3365.02
36 3350.72
37 3350.89
38 3340.17
39 3350.86
40 3350.98
41 3350.98
42 3342.71
43 3350.81
44 3350.05
45 3351.26
46 3350.34
47 3349.06
48 3342.84
49 3343.71
