0 0
1 3133.77
2 3346.67
3 3359.2
4 3361.14
5 3354.74
6 3368.56
7 3366.19
8 3367.42
9 3369.69
10 3366.43
11 3371.15
12 3369.08
13 3369.75
14 3369.75
15 3366.84
16 3368.05
17 3368.75
18 3369.44
19 3369.78
20 3366.52
21 3365.49
22 3365.72
23 3366.87
24 3363.78
25 3360.79
26 3370.77
27 3365.94
28 3366.51
29 3367.87
30 3369.5
31 3369.02
32 3363.98
33 3365.97
34 3364.43
35 3361.1
36 3363.06
37 3370.46
38 3367.35
39 3368.87
40 3367.23
41 3367.39
42 3367.34
43 3367.88
44 3370.11
45 3366.63
46 3365.49
47 3365.99
48 3365.43
49 3366.04
