0 3314.48
1 3206.95
2 3129.87
3 3206.93
4 3130.07
5 3206.93
6 3314.56
7 3354.68
8 3354.71
9 3354.7
10 3130
11 3314.46
12 3354.7
13 3206.96
14 3130.07
15 3354.67
16 3314.5
17 3314.57
18 3129.97
19 3354.66
20 3129.91
21 3314.57
22 3354.73
23 3354.56
24 3206.8
25 3206.95
26 3314.53
27 3314.56
28 3354.71
29 3314.52
30 3206.9
31 3354.68
32 3354.66
33 3314.46
34 3354.65
35 3130.08
36 3314.2
37 3314.56
38 3354.69
39 3206.95
40 3206.93
41 3354.71
42 3354.71
43 3314.57
44 3354.64
45 3354.68
46 3206.94
47 3206.96
48 3206.63
49 3314.48
