0 3151.13
1 3158.47
2 3156.8
3 3163.53
4 3169.41
5 3171.06
6 3174.88
7 3176.7
8 3180.47
9 3178.06
10 3186.61
11 3188.2
12 3192.82
13 3195.66
14 3195.12
15 3201.17
16 3201.23
17 3206.85
18 3207.62
19 3213.32
20 3214.8
21 3216.37
22 3217.14
23 3218.23
24 3221.59
25 3223.59
26 3224.95
27 3226.7
28 3230.21
29 3230.54
30 3232.25
31 3234.13
32 3237.11
33 3236.83
34 3241.45
35 3241.2
36 3244.72
37 3245.5
38 3247.89
39 3247.83
40 3251.42
41 3253.14
42 3254.45
43 3255.58
44 3258.11
45 3258.71
46 3260.37
47 3263.16
48 3265.28
49 3265.77
