0 0
1 6784.4
2 6784.4
3 6756.11
4 6784.4
5 6784.4
6 6784.4
7 6762.64
8 6793.26
9 6791.83
10 6869.5
11 6776.62
12 6860.05
13 6888.87
14 6808.02
15 6824.53
16 6763.65
17 6885.77
18 6773.24
19 6755.62
20 6772.23
21 6800.35
22 6798.53
23 6759.17
24 6759.17
25 6854.87
26 6808.74
27 6808.74
28 6759.17
29 6753.31
30 6785.24
31 6754.08
32 6754.08
33 6763.37
34 6773.46
35 6765.08
36 6740.73
37 6837.62
38 6849.96
39 6809.57
40 6852.52
41 6770.65
42 6780.67
43 6857.24
44 6857.24
45 6780.67
46 6800.03
47 6779.5
48 6802.2
49 6802.2
