0 0
1 6834.4
2 6959.88
3 7010.89
4 7085
5 7045.34
6 7111.95
7 7088.89
8 7103.62
9 7113.18
10 7096.31
11 7110.26
12 7110.26
13 7102.75
14 7131.44
15 7119.59
16 7125.69
17 7122.65
18 7124.06
19 7117.53
20 7134.17
21 7126.66
22 7126.76
23 7138.95
24 7139.62
25 7129.68
26 7133.55
27 7139.74
28 7127.27
29 7138.93
30 7136.58
31 7138.76
32 7132.92
33 7136.8
34 7137.9
35 7139.2
36 7138.9
37 7141.65
38 7142.71
39 7137.83
40 7145.11
41 7137.81
42 7134.19
43 7123.46
44 7135.08
45 7125.87
46 7133.27
47 7135.01
48 7129.88
49 7128.55
