0 0
1 6450
2 6831.36
3 6973.48
4 7033.31
5 7081.08
6 7057.21
7 7077.6
8 7111.83
9 7102.04
10 7109.72
11 7115.18
12 7122.56
13 7127.65
14 7108.72
15 7119.28
16 7115.1
17 7120.61
18 7116.29
19 7124.12
20 7123.44
21 7133.83
22 7133.83
23 7130.45
24 7137.71
25 7137.71
26 7131.8
27 7129.68
28 7130.25
29 7130.03
30 7130.5
31 7124.3
32 7124.29
33 7126.91
34 7133.23
35 7133.6
36 7134.12
37 7133.12
38 7125.69
39 7142.94
40 7133.48
41 7135.37
42 7143.79
43 7148.66
44 7148.66
45 7136.01
46 7141.69
47 7129.53
48 7125.18
49 7120.87
