0 7119.16
1 7126.96
2 7126.33
3 7077.29
4 7096.64
5 7136.91
6 7144.02
7 7083.44
8 7140.87
9 7142.54
10 7141.69
11 7119.04
12 7431.03
13 7113.55
14 7432
15 7055.66
16 7137.57
17 7119.01
18 7117.33
19 7105.42
20 7126.15
21 7092.52
22 6908.05
23 7115.99
24 7065.02
25 7110.71
26 7151.61
27 7076.86
28 7066.46
29 7131.44
30 7063.9
31 7112.47
32 7144.37
33 7016.07
34 7122.79
35 7128.94
36 7129.21
37 7125.15
38 7126.52
39 7462.11
40 7144.28
41 6994.86
42 7091.04
43 7098.11
44 7120.6
45 7135.26
46 7151.9
47 7112.91
48 7128.26
49 7110.3
