0 6544.29
1 6548.92
2 6555.12
3 6553.54
4 6567.23
5 6571
6 6572.39
7 6580.14
8 6583.65
9 6589.33
10 6596.53
11 6599.74
12 6605.05
13 6611.74
14 6618.49
15 6618.99
16 6623.8
17 6626.09
18 6630.3
19 6633.56
20 6635.95
21 6638.66
22 6643.3
23 6648.57
24 6652.97
25 6657.15
26 6659.72
27 6666.77
28 6669.14
29 6671.51
30 6677.43
31 6678.98
32 6681.1
33 6685.83
34 6691.68
35 6691.82
36 6695.84
37 6699.16
38 6702.44
39 6704.13
40 6708.1
41 6712.84
42 6715.37
43 6717.51
44 6720.17
45 6724.49
46 6725.32
47 6730.24
48 6734.46
49 6738.1
