0 0
1 55241.4
2 55421.2
3 55606.9
4 55606.9
5 55627.1
6 55497.3
7 55652.3
8 55640.8
9 55641.4
10 55498
11 58000.1
12 58000.1
13 58000.1
14 58202.5
15 58243.9
16 58243.9
17 58243.9
18 58271.1
19 58244.8
20 58244.8
21 58244.4
22 58244.8
23 59960.5
24 58263.5
25 58244.8
26 58602.1
27 58576.4
28 58633.4
29 60486.9
30 60487.1
31 60734.4
32 60734.4
33 60545.4
34 60734.4
35 60518.3
36 60538.2
37 60497.5
38 60495.7
39 60488.3
40 60486.9
41 59673.8
42 59673.8
43 59679.3
44 59679.3
45 59679.6
46 59658.6
47 59674.5
48 59674.5
49 59674.5
