0 0
1 52141.4
2 52878.6
3 53289.6
4 53295
5 54911.4
6 54908
7 54630.3
8 54897.4
9 54895.1
10 54945.5
11 55103
12 55235.7
13 55218.4
14 55462.6
15 57312.5
16 57468.1
17 57468.1
18 57856.2
19 57937
20 63263.6
21 64901.8
22 65980
23 66343.6
24 66340
25 66104.4
26 66212.8
27 66188.8
28 66252.4
29 66211.7
30 66279.3
31 66160.4
32 66633.6
33 66593.2
34 66594.2
35 66788.6
36 66788.7
37 66805.1
38 66708
39 68373.7
40 68265.3
41 68442.4
42 68601.4
43 68318
44 68469.1
45 68328.4
46 68336.3
47 68336.3
48 68177.6
49 68066.4
