0 0
1 65447.1
2 65933.2
3 66206
4 66087.1
5 66185.6
6 66222.1
7 65696.9
8 66222.1
9 66222.1
10 66330.5
11 66487.9
12 66082.3
13 66179.8
14 65910.6
15 64641.5
16 64592.3
17 64592.3
18 64592.3
19 64664.8
20 64664.8
21 64665.4
22 64664.8
23 64664.8
24 64664.8
25 64664.8
26 64664.8
27 64664.8
28 64592.3
29 64592.3
30 64592.3
31 64592.3
32 64592.3
33 64636.5
34 64636.5
35 64636.5
36 64636.5
37 64592.3
38 64592.3
39 64592.3
40 64592.3
41 64592.3
42 64592.3
43 64592.3
44 64592.3
45 64592.3
46 64592.3
47 64408.2
48 64408.2
49 64408.2
