0 0
1 63906.2
2 69571.6
3 69893.1
4 70200.2
5 70255.4
6 70290
7 70333.4
8 70304.1
9 70382.7
10 70455.6
11 70455.6
12 70578.9
13 70599
14 70588
15 70708.1
16 70739.6
17 70849.4
18 70863
19 70760.9
20 70936.1
21 70796.5
22 70883.7
23 70917.5
24 70953.1
25 71014.9
26 70956.3
27 70871.6
28 71008
29 70941.9
30 71040.4
31 71050.9
32 71000.4
33 71000.4
34 70924.6
35 71017.6
36 70932.2
37 71100.9
38 71054.2
39 71079.5
40 71105.8
41 71105.8
42 71107.7
43 71048.9
44 71126.5
45 71159.3
46 71109
47 71109.2
48 71174.8
49 71175.9
