0 71079.5
1 70885
2 71197.6
3 70889.3
4 71055.5
5 69957.6
6 71355.5
7 70553.2
8 70135
9 71029.4
10 70962.8
11 70022.7
12 70829.2
13 71418.7
14 71278.7
15 70983.3
16 71049
17 71031.7
18 71169.5
19 70677.6
20 70830.1
21 71210.2
22 70606.8
23 70142.7
24 70978.6
25 70492.4
26 71251.9
27 70435.2
28 70971.3
29 71284.3
30 71043.6
31 70816.2
32 70515.6
33 70965.3
34 70922.4
35 70955.2
36 70599.5
37 70610.8
38 71275.8
39 71251.5
40 69516.3
41 71199.7
42 71020
43 71049.3
44 71151.7
45 71387.2
46 70741
47 70564.9
48 71146.7
49 70278.3
