0 49426.2
1 49542.7
2 50282.9
3 50389.6
4 50403.5
5 51319.3
6 51328
7 51461.9
8 52146.5
9 52290.4
10 53019.2
11 53081.5
12 53097.3
13 54404.5
14 54836.3
15 54170.1
16 55046.4
17 56442.9
18 60488.7
19 60700.9
20 60701
21 60812.5
22 60831.9
23 60869.8
24 60920.3
25 61084.6
26 61205.6
27 61210.3
28 61334.7
29 61352.4
30 61443.3
31 61498.1
32 61516.4
33 61546
34 61776.4
35 61790.6
36 61793.4
37 61898.4
38 57887.8
39 62165.6
40 62158.8
41 58041.3
42 62510.5
43 62521.4
44 62587.5
45 62605.8
46 62752.1
47 63190.8
48 63270.8
49 63278.4
