6
0.0 32.1 93.2 186.7 316.3 490.2 721.1 1013.4 1371.8 
144.9 216.2 273.4 316.1 345.9 367.5 383.9 392.1 392.0 
113.2 204.1 325.2 479.2 671.0 902.9 1183.1 1530.7 1926.4
427.7 546.2 638.3 703.2 746.0 767.8 775.2 776.9 760.4 
157.0 288.5 471.9 708.0 1003.6 1350.0 1789.5 2319.6 2943.3 
588.6 772.0 926.4 1039.0 1115.8 1148.1 1172.5 1177.2 1161.8 
141.5 247.9 393.9 589.9 832.5 1139.3 1527.6 1983.0 
353.8 446.8 523.0 585.6 624.4 650.7 668.3 667.4 
32.1 116.1 243.4 446.8 742.6 1143.2 1667.3 2364.8 3253.6 4397.9 5844.4 
160.5 348.1 476.0 597.0 697.4 768.9 813.6 844.7 856.2 856.6 845.4 
32.1 116.1 243.4 446.8 742.6 1143.2 1667.3 2364.8 3253.6 4397.9 5844.4
0 0 0 0 0 97.4 168.9 213.6 244.7 301.2 295.1
