40
0 51 103 160 225 551 839 
487 495 502 509 516 536 548 
0 66 135 215 308 413 553 756 975 1053 
233 240 246 252 258 263 268 274 279 281 
0 270 370 727 816 1929 
0 195 214 234 234 237 
0 40 86 144 195 283 389 515 717 801 1273 
162 177 190 207 216 229 242 251 263 267 281 
0.0 32.1 93.2 186.7 316.3 490.2 721.1 1013.4 1371.8
144.9 216.2 273.4 316.1 345.9 367.5 383.9 392.1 392.0
0 1228 1268 1418 1690 
0 0 0 232 248 
0 42 86 542 945 945 
280 284 287 307 315 
0 1450 1633 2466 5096 
0 0 197 483 490 
0 91 201 397 675 1054 1378 1740 
548 656 727 814 896 958 987 1021 1021 
0 1228 1268 1418 1690 
0 0 0 232 248 
0 40 86 144 195 283 389 515 717 801 1273 
162 177 190 207 216 229 242 251 263 267 281 
0 1559 2340 2594 2650 3342 
0 0 0 278 300 328 
0 551 716 1295 1706 
0 1038 1199 1568 1424 
0 11 21 137 712 
83 83 83 87 93 
32.1 116.1 243.4 446.8 742.6 1143.2 1667.3 2364.8 3253.6 4397.9 5844.4
160.5 348.1 476.0 597.0 697.4 768.9 813.6 844.7 856.2 856.6 845.4
0 1228 1268 1418 1690 
0 0 0 232 248 
0 1558 2653 2849 2982 3042 
0 0 0 0 394 441 
0 110 221 1669 
944 948 951 957 
0 65 153 252 381 598 884 1112 1392 
351 420 493 549 549 648 688 709 735 
0 49 105 182 283 399 556 725 767 1030 3621 
956 1062 1149 1240 1338 1420 1505 1578 1594 1680 1955 
0 69 141 224 322 439 579 754 760 
184 188 191 195 198 201 204 206 206 
0 91 201 397 675 1054 1378 1740 
548 656 727 814 896 958 987 1021 1021 
0 105 211 1618 
1044 1051 1056 1079 
0 1135 1441 2538 3980 
0 0 146 188 188 
0 40 86 144 195 283 389 515 717 801 1273 
162 177 190 207 216 229 242 251 263 267 281 
0 91 201 397 675 1054 1378 1740 
548 656 727 814 896 958 987 1021 1021 
0 51 103 160 225 551 839 
487 495 502 509 516 536 548 
0 91 201 397 675 1054 1378 1740 
548 656 727 814 896 958 987 1021 1021 
0 225 314 672 768 1485 
0 290 324 386 391 433 
0 51 103 160 225 551 839 
487 495 502 509 516 536 548 
0 34 71 126 199 292 409 564 772 1346 
64 67 69 72 74 77 79 82 84 87 
0 114 235 386 577 1279 1507 
790 815 836 857 876 908 914 
0 11 21 137 712 
83 83 83 87 93 
0 105 168 301 800 860 
0 131 174 207 246 251 
0 60 129 210 348 521 748 792 1027 
441 481 516 541 575 605 629 632 651 651 
0 189 289 772 894 1479 
0 251 307 455 466 523 
0 60 129 210 348 521 748 792 1027 
441 481 516 541 575 605 629 632 651 651 
0 16 33 181 1218 
108 109 111 118 137 
0 7 14 22 31 40 50 61 91 700 
47 48 50 51 52 53 55 56 59 80 
0 49 105 182 283 399 556 725 767 1030 3621 
956 1062 1149 1240 1338 1420 1505 1578 1594 1680 1955 
