20
0 58 97 268 651 1725 
0 209 233 276 297 311 
0 138 282 468 705 1027 2297 
1151 1185 1213 1240 1266 1290 1317 
0 184 280 682 897 1646 4485 
0 186 211 247 265 291 308 
0 16 33 181 1218 
108 109 111 118 137 
0 28 57 361 1701 
200 201 202 207 201 
0 16 33 181 1218 
108 109 111 118 137 
0 551 716 1295 1706 
0 1038 1199 1568 1424 
0 1559 2340 2594 2650 3342 
0 0 0 278 300 328 
0 105 211 1618 
1044 1051 1056 1079 
0 1512 2536 2671 2750 2830 
0 0 0 194 260 317 
0 60 129 210 348 521 748 792 1027 
441 481 516 541 575 605 629 632 651 651 
0 1174 1304 1484 
0 0 186 267 
0 63 126 636 801 
372 373 373 374 374 
0 34 71 126 199 292 409 564 772 1346 
64 67 69 72 74 77 79 82 84 87 
0 60 129 210 348 521 748 792 1027 
441 481 516 541 575 605 629 632 651 651 
0 1559 2340 2594 2650 3342 
0 0 0 278 300 328 
0 54 109 590 1100 
353 354 355 358 357 
0 28 59 108 166 235 330 404 1145 
179 189 195 204 213 220 227 232 253 
0 1558 2653 2849 2982 3042 
0 0 0 0 394 441 
0 68 144 266 450 693 861 1035 
487 530 560 591 626 652 665 676 
