56
0 225 314 672 768 1485
0 290 324 386 391 433
0 68 144 266 450 693 861 1035
487 530 560 591 626 652 665 676
0 60 129 210 348 521 748 792 1027
441 481 516 541 575 605 629 632 651 
0 42 86 542 945 
280 284 287 307 315
0 35 71 464 1164 
281 285 289 306 315
0 74 157 294 505 890 926 1114
287 315 333 352 366 376 376 379
0 114 235 386 577 1279 1507
790 815 836 857 876 908 914
0 58 97 268 651 1725
0 209 233 276 297 311
0 551 716 1295 1706
0 1038 1199 1568 1424
0 66 135 215 308 413 553 756 975 1053
233 240 246 252 258 263 268 274 279 281
0 91 201 397 675 1054 1378 1740
548 656 727 814 896 958 987 1021 
0 617 800 1345 1513 2880 6765
0 459 510 590 614 679 687
0 16 33 181 1218
108 109 111 118 137
0 128 186 413 1105 1111
0 277 302 336 361 360
0 65 153 252 381 598 884 1112 1392
351 420 493 549 549 648 688 709 735
0 40 69 253 460 926 982 1907
0 170 198 310 361 415 417 455
0 128 262 370 494 647 823 1081 2174
892 909 931 946 960 975 986 1001 1029
0 138 282 468 705 1027 2297
1151 1185 1213 1240 1266 1290 1317
0 86 175 295 469 686 943 1362
310 317 323 329 335 342 347 353
0 136 215 465 541 975 1948 4225 12161
0 162 213 303 316 391 458 496 476
0 189 289 772 894 1479
0 251 307 455 466 523
0 270 370 727 816 1929
0 195 214 234 234 237
0 110 221 1669
944 948 951 957
0 49 105 182 283 399 556 725 767 1030 3621
956 1062 1149 1240 1338 1420 1505 1578 1594 1680 1955
0 51 103 160 225 551 839
487 495 502 509 516 536 548
0 54 120 200 319 579 734 1023 1972 3317
82 94 105 113 119 127 129 133 141 139
0 54 109 590 1100
353 354 355 358 357
0 105 211 1618
1044 1051 1056 1079
0 69 141 224 322 439 579 754 760
184 188 191 195 198 201 204 206 206
0 56 112 454 461
308 309 310 309 308
0 37 75
354 354 354
0 64 131 217 1093 
618 638 654 664 728 
0 184 280 682 897 1646 4485
0 186 211 247 265 291 308
0 31 63 366 1299
209 210 210 215 221
0 40 86 144 195 283 389 515 717 801 1273
162 177 190 207 216 229 242 251 263 267 281
0 28 59 108 166 235 330 404 1145
179 189 195 204 213 220 227 232 253
0 34 71 126 199 292 409 564 772 1346
64 67 69 72 74 77 79 82 84 87
0 112 157 345 690 1891
0 270 282 310 326 339
0 105 168 301 800 860
0 131 174 207 246 251
0 98 116 186 330 757 1149
0 27 28 29 31 35 38
0 63 126 636 801
372 373 373  374 374
0 28 57 361 1701
200 201 202 207 201
0 538 797 976 1300 2920 3650
0 256 337 362 407 467 198
0 61 123 666 1303
397 403 406 422 427
0 11 21 137 712
83 83 83 87 93
0 7 14 22 31 40 50 61 91 700
47 48 50 51 52 53 55 56 59 80
0 1558 2653 2849 2982 3042
0 0 0 0 394 441
0 1450 1633 2466 5096
0 0 197 483 490
0 1228 1268 1418 1690
0 0 0 232 248
0 1135 1441 2538 3980
0 0 146 188 188
0 162 369 2009 2224 3488 4899
0 0 0 0 223 232 237
0 1512 2536 2671 2750 2830
0 0 0 194 260 317
0 1174 1304 1484
0 0 186 267
0 1559 2340 2594 2650 3342
0 0 0 278 300 328
0 465 1333 2169 2317 2445 2596 3100
0 0 0 0 152 160 167 184
0 761 1247 1590 1655 1730 1770 2300 5360
0 0 0 350 403 444 452 505 656
