30
0 68 144 266 450 693 861 1035 
487 530 560 591 626 652 665 676 
0 538 797 976 1300 2920 3650 
0 256 337 362 407 467 198 
0 1228 1268 1418 1690 
0 0 0 232 248 
0 60 129 210 348 521 748 792 1027 
441 481 516 541 575 605 629 632 651 651 
0 225 314 672 768 1485 
0 290 324 386 391 433 
0 35 71 464 1164 1164 
281 285 289 306 315 
0 105 211 1618 
1044 1051 1056 1079 
0 1558 2653 2849 2982 3042 
0 0 0 0 394 441 
0 184 280 682 897 1646 4485 
0 186 211 247 265 291 308 
0 28 57 361 1701 
200 201 202 207 201 
0 69 141 224 322 439 579 754 760 
184 188 191 195 198 201 204 206 206 
0 61 123 666 1303 
397 403 406 422 427 
0 114 235 386 577 1279 1507 
790 815 836 857 876 908 914 
0 1558 2653 2849 2982 3042 
0 0 0 0 394 441 
0 51 103 160 225 551 839 
487 495 502 509 516 536 548 
0 1558 2653 2849 2982 3042 
0 0 0 0 394 441 
0 86 175 295 469 686 943 1362 
310 317 323 329 335 342 347 353 
0 551 716 1295 1706 
0 1038 1199 1568 1424 
0 40 86 144 195 283 389 515 717 801 1273 
162 177 190 207 216 229 242 251 263 267 281 
0 270 370 727 816 1929 
0 195 214 234 234 237 
0 138 282 468 705 1027 2297 
1151 1185 1213 1240 1266 1290 1317 
0 66 135 215 308 413 553 756 975 1053 
233 240 246 252 258 263 268 274 279 281 
0 270 370 727 816 1929 
0 195 214 234 234 237 
0 1174 1304 1484 
0 0 186 267 
0 63 126 636 801 
372 373 373 374 374 
0 1228 1268 1418 1690 
0 0 0 232 248 
0 42 86 542 945 945 
280 284 287 307 315 
0 60 129 210 348 521 748 792 1027 
441 481 516 541 575 605 629 632 651 651 
0 128 186 413 1105 1111 
0 277 302 336 361 360 
0 61 123 666 1303 
397 403 406 422 427 
