15
0 270 370 727 816 1929 
0 195 214 234 234 237 
0 128 186 413 1105 1111 
0 277 302 336 361 360 
0 16 33 181 1218 
108 109 111 118 137 
0 114 235 386 577 1279 1507 
790 815 836 857 876 908 914 
0 138 282 468 705 1027 2297 
1151 1185 1213 1240 1266 1290 1317 
0 74 157 294 505 890 926 1114 
287 315 333 352 366 376 376 379 
0 128 262 370 494 647 823 1081 2174 
892 909 931 946 960 975 986 1001 1029 
0 1174 1304 1484 
0 0 186 267 
0 37 75 
354 354 354 
0 40 69 253 460 926 982 1907 
0 170 198 310 361 415 417 455 
0 34 71 126 199 292 409 564 772 1346 
64 67 69 72 74 77 79 82 84 87 
0 58 97 268 651 1725 
0 209 233 276 297 311 
0 54 109 590 1100 
353 354 355 358 357 
0 105 168 301 800 860 
0 131 174 207 246 251 
0 98 116 186 330 757 1149 
0 27 28 29 31 35 38 
