10
0 551 716 1295 1706 
0 1038 1199 1568 1424 
0 1135 1441 2538 3980 
0 0 146 188 188 
0 35 71 464 1164 1164 
281 285 289 306 315 
0 128 262 370 494 647 823 1081 2174 
892 909 931 946 960 975 986 1001 1029 
0 617 800 1345 1513 2880 6765 
0 459 510 590 614 679 687 
0 761 1247 1590 1655 1730 1770 2300 5360 
0 0 0 350 403 444 452 505 656 
0 136 215 465 541 975 1948 4225 12161 
0 162 213 303 316 391 458 496 476 
0 34 71 126 199 292 409 564 772 1346 
64 67 69 72 74 77 79 82 84 87 
0 98 116 186 330 757 1149 
0 27 28 29 31 35 38 
0 34 71 126 199 292 409 564 772 1346 
64 67 69 72 74 77 79 82 84 87 
