0 3119.95
1 3140.23
2 3160.41
3 3180.73
4 3198.43
5 3213.36
6 3217.27
7 3235.25
8 3246.02
9 3257.23
10 3278.94
11 3292.19
12 3302.77
13 3315.47
14 3345.74
15 3347.02
16 3355.82
17 3371.78
18 3372.88
19 3387.06
20 3391.93
21 3397.24
22 3405.81
23 3422.03
24 3423.31
25 3431.77
26 3441.61
27 3441.77
28 3452.45
29 3462.58
30 3473.95
31 3477.14
32 3489.96
33 3489.54
34 3496.04
35 3502.84
36 3506.64
37 3515.42
38 3528.77
39 3529.63
40 3533.76
41 3548.12
42 3553.04
43 3557.1
44 3564.24
45 3572.75
46 3580.16
47 3588.5
48 3589.41
49 3597.56
