0 6696.18
1 6697.14
2 6702.8
3 6707.97
4 6713.51
5 6711.22
6 6715.69
7 6718.63
8 6721.64
9 6727.74
10 6730.25
11 6733.65
12 6734.54
13 6736.27
14 6740.73
15 6746.33
16 6747.62
17 6750.48
18 6753.31
19 6756.78
20 6755.27
21 6759.66
22 6762.8
23 6763.76
24 6765.86
25 6767.78
26 6771.59
27 6774.8
28 6778.76
29 6786.24
30 6787.27
31 6787.56
32 6792.41
33 6792.18
34 6796.33
35 6794.88
36 6800.58
37 6802.3
38 6808.91
39 6810.52
40 6813.44
41 6814.47
42 6816.17
43 6818.13
44 6819.38
45 6824.7
46 6828.66
47 6832.08
48 6832.02
49 6837.35
