0 2899.85
1 2910.23
2 2912.07
3 2939.72
4 2943.83
5 2954.63
6 2964.12
7 2975.81
8 2979.75
9 2981.37
10 2989.42
11 2992.58
12 2997.08
13 3004.65
14 3011.78
15 3015.13
16 3024.2
17 3022.04
18 3029.85
19 3036.84
20 3040.13
21 3047.8
22 3053.74
23 3061.48
24 3067.91
25 3068.91
26 3071.51
27 3078.33
28 3085.7
29 3088.96
30 3096.28
31 3101.71
32 3106.13
33 3102.99
34 3110.89
35 3113.93
36 3119.16
37 3123.35
38 3129.7
39 3133.77
40 3137.88
41 3140.76
42 3141.92
43 3145.17
44 3145.16
45 3151.83
46 3154.96
47 3161.5
48 3163.75
49 3164.48
