0 0
1 3265.21
2 3269.55
3 3293.29
4 3329.46
5 3305.87
6 3313.86
7 3343.19
8 3350.65
9 3347.88
10 3347.88
11 3329.49
12 3346.46
13 3359.12
14 3347.8
15 3334.18
16 3353.55
17 3334.15
18 3329.11
19 3358.92
20 3354.71
21 3353.62
22 3365.38
23 3368.53
24 3363.92
25 3351.06
26 3363.4
27 3338.86
28 3341.13
29 3343.02
30 3341.38
31 3342.32
32 3351.13
33 3363.1
34 3365.73
35 3365.73
36 3367.79
37 3366.92
38 3354.58
39 3366.9
40 3368.67
41 3355.21
42 3345.22
43 3351.48
44 3353.33
45 3358.6
46 3357.09
47 3354.4
48 3358.21
49 3355.75
