0 0
1 60304.1
2 63266.7
3 63480.5
4 63889.1
5 64458.2
6 64788.9
7 66221.4
8 66123.8
9 66213.8
10 66213.8
11 66156.8
12 66214.2
13 66341
14 66460.5
15 66518.4
16 66282.5
17 66138.5
18 66295.4
19 66257.2
20 66019.8
21 66041.5
22 66864.1
23 66638.8
24 66815
25 66964
26 66984.6
27 67006.4
28 67092.2
29 67182.1
30 67182.5
31 67196.3
32 67024.5
33 67053.3
34 67063.1
35 67057.9
36 67057.9
37 67088.2
38 67054.3
39 67072.9
40 67077.2
41 67077.2
42 67079.3
43 67111.4
44 67105.8
45 67072.9
46 67025.4
47 67039.1
48 67025.4
49 67071.3
50 67037.1
51 67069.9
52 67040.5
53 67153.9
54 67071.6
55 67088.8
56 67079.2
57 67192.1
58 67193.1
59 67110.9
60 67102.6
61 67104.2
62 67135.2
63 67111.3
64 67108.8
65 67086.6
66 67075.7
67 67065.8
68 67106.3
69 67118.1
70 67110.4
71 67064.8
72 67089
73 67069.7
74 67103.5
75 67093
76 67073.3
77 67044
78 67024.2
79 67027.4
80 67071.6
81 67033.8
82 67205.5
83 67210.2
84 67210.2
85 67210.2
86 67232.3
87 67232.3
88 67183.2
89 67196.8
90 67248.6
91 67196.8
92 67234.8
93 67232.7
94 67115.5
95 67115.5
96 67104.1
97 67116
98 67200.5
99 67115.4
