0 0
1 3363.12
2 3365.64
3 3366.54
4 3363.71
5 3366.71
6 3368.85
7 3370.15
8 3368.88
9 3365.29
10 3369.77
11 3368.44
12 3369.28
13 3364.94
14 3364.07
15 3356.17
16 3369.85
17 3369.85
18 3370.1
19 3365.65
20 3348.79
21 3353.79
22 3355.19
23 3354.97
24 3352.54
25 3349.92
26 3343.05
27 3346.36
28 3349.4
29 3348.23
30 3351.12
31 3351.12
32 3350.36
33 3349.44
34 3343.43
35 3341.66
36 3337.8
37 3337.94
38 3342.23
39 3338.5
40 3339.27
41 3339.42
42 3336.47
43 3336.13
44 3334.63
45 3347.73
46 3347.46
47 3336.12
48 3335.8
49 3336.03
50 3336.02
51 3331.94
52 3331.71
53 3333.44
54 3333.8
55 3331.86
56 3335.17
57 3337.13
58 3332.94
59 3339.04
60 3339.38
61 3333.69
62 3337.46
63 3337.82
64 3336.32
65 3334.37
66 3330.76
67 3333.99
68 3330.96
69 3330.21
70 3332.15
71 3325.69
72 3326.49
73 3326.02
74 3327.22
75 3327.42
76 3329.77
77 3329.97
78 3328.6
79 3328.6
80 3331.74
81 3328.76
82 3328.76
83 3330.39
84 3330.52
85 3330.52
86 3330.52
87 3331.31
88 3331.45
89 3331.59
90 3330.78
91 3329.38
92 3330.04
93 3331.17
94 3331.56
95 3331.6
96 3331.01
97 3331.5
98 3323.83
99 3329.42
