0 0
1 3187.21
2 3363.17
3 3358.69
4 3361.84
5 3359.43
6 3364.22
7 3368.95
8 3368.95
9 3364.12
10 3362.34
11 3367.24
12 3360.96
13 3367.83
14 3366.51
15 3370.15
16 3367.17
17 3364.73
18 3366.41
19 3369.57
20 3369.57
21 3366.23
22 3369.64
23 3369.04
24 3369.04
25 3366.73
26 3365.92
27 3362.61
28 3366.02
29 3369.47
30 3367.33
31 3370.7
32 3365.86
33 3369.81
34 3365.77
35 3368.58
36 3364.6
37 3367.17
38 3364.94
39 3368.63
40 3369.46
41 3369.57
42 3369.12
43 3368.5
44 3360.93
45 3363.82
46 3363.17
47 3365.48
48 3361.59
49 3368.03
50 3370.29
51 3366.82
52 3368.43
53 3368.49
54 3369.4
55 3369.4
56 3370.35
57 3366.38
58 3369.45
59 3364.57
60 3366.56
61 3361.44
62 3366.34
63 3364.47
64 3361.97
65 3365.18
66 3361.31
67 3366.86
68 3367.19
69 3369.34
70 3366.58
71 3368.38
72 3366.67
73 3370.18
74 3365.63
75 3363.38
76 3370.41
77 3362.76
78 3366.78
79 3367.12
80 3367.12
81 3369.51
82 3366.91
83 3368.46
84 3363.79
85 3368.23
86 3365.78
87 3368.43
88 3367.78
89 3370.54
90 3370.54
91 3366.4
92 3367.15
93 3370.07
94 3370.15
95 3362.45
96 3364.77
97 3364.81
98 3365.98
99 3365.45
