0 3314.57
1 3314.46
2 3206.92
3 3354.7
4 3130.1
5 3314.5
6 3206.97
7 3314.48
8 3354.68
9 3354.7
10 3314.56
11 3130.09
12 3129.9
13 3354.67
14 3206.87
15 3129.92
16 3354.7
17 3314.55
18 3354.68
19 3314.4
20 3314.57
21 3314.56
22 3354.72
23 3354.68
24 3130.02
25 3314.55
26 3354.72
27 3354.68
28 3206.93
29 3354.7
30 3129.91
31 3130.06
32 3314.57
33 3206.97
34 3129.93
35 3354.65
36 3206.88
37 3354.72
38 3314.47
39 3354.69
40 3130.11
41 3206.92
42 3314.47
43 3354.71
44 3314.52
45 3130.09
46 3354.7
47 3314.57
48 3314.57
49 3206.95
50 3206.85
51 3206.84
52 3354.66
53 3354.72
54 3206.95
55 3314.55
56 3206.52
57 3314.57
58 3206.93
59 3354.71
60 3206.94
61 3354.71
62 3314.54
63 3129.98
64 3314.54
65 3206.83
66 3354.63
67 3314.45
68 3130.03
69 3354.66
70 3314.43
71 3130.01
72 3130
73 3314.54
74 3314.56
75 3314.48
76 3206.8
77 3206.88
78 3206.82
79 3354.69
80 3314.5
81 3206.91
82 3206.86
83 3206.95
84 3354.71
85 3314.54
86 3354.7
87 3354.63
88 3354.7
89 3314.56
90 3129.99
91 3354.69
92 3129.99
93 3206.84
94 3206.92
95 3354.68
96 3129.97
97 3314.54
98 3130.09
99 3130
