0 3181.89
1 3187.09
2 3187.39
3 3192.94
4 3193.36
5 3195.57
6 3200.26
7 3206.14
8 3203.86
9 3208.41
10 3213.01
11 3215.07
12 3217.69
13 3219.65
14 3223.22
15 3225.94
16 3227.45
17 3227.15
18 3229.95
19 3233.94
20 3235.21
21 3237.3
22 3238.89
23 3243.08
24 3244.3
25 3246.2
26 3248.03
27 3249.16
28 3252.28
29 3252.74
30 3254.74
31 3256.63
32 3259.04
33 3260.7
34 3261.3
35 3265.77
36 3266.56
37 3267.31
38 3268.57
39 3269.39
40 3272.88
41 3272.46
42 3273.7
43 3276.57
44 3278.42
45 3279.06
46 3280.76
47 3283.7
48 3285.1
49 3286.5
50 3288.61
51 3289.29
52 3291.21
53 3292.11
54 3293.14
55 3294.72
56 3295.8
57 3297.61
58 3298.57
59 3298.75
60 3299.77
61 3300.82
62 3303.07
63 3303.95
64 3306.38
65 3309.07
66 3310.16
67 3313.91
68 3316.4
69 3318.34
70 3320.01
71 3323.08
72 3325.52
73 3327.22
74 3330.94
75 3332.73
76 3335.77
77 3338.84
78 3340.45
79 3344.41
80 3346.19
81 3348.28
82 3348.85
83 3352.01
84 3354.33
85 3356.42
86 3359.05
87 3361.58
88 3364.89
89 3366.32
90 3367.04
91 3369.45
92 3369.95
93 3369.96
94 3370.36
95 3370.82
96 3371.19
97 3371.45
98 3371.61
99 3371.79
