0 0
1 41902.2
2 42340.1
3 42214.1
4 42596.2
5 42576.7
6 40776.8
7 46297.2
8 46617.3
9 46617.3
10 46617.3
11 46617.3
12 46648.7
13 46648.7
14 46648.7
15 46617.3
16 46428.4
17 47093.1
18 47093.1
19 46529
20 46515.6
21 46515.6
22 46515.6
23 46661.4
24 46661.4
25 46692.7
26 46515.6
27 46515.6
28 46515.6
29 46515.6
30 46515.6
31 46517.1
32 46377.3
33 46377.3
34 46378.4
35 46834
36 46367.4
37 46384.4
38 46373.4
39 46375.7
40 46375.7
41 48169.6
42 46367.2
43 46373.2
44 46372.4
45 46374
46 46367.2
47 46374
48 46374.8
49 46367.2
