0 0
1 51339.1
2 51948
3 52080.7
4 52487.9
5 52749.6
6 53408.2
7 53462.9
8 53376.3
9 53448.6
10 53571.3
11 53876.3
12 53623.8
13 53758.6
14 54313.2
15 54331.7
16 54102.7
17 54181.6
18 54035.7
19 53370.8
20 54302
21 54041.4
22 53635.9
23 53897
24 53902.8
25 53947.9
26 53473.4
27 53544
28 53529.4
29 53790.4
30 53678.4
31 53775.9
32 53867.5
33 53766.4
34 53614.3
35 54326.4
36 54216.8
37 54180.1
38 54280.6
39 54204.7
40 54294
41 54267.7
42 54358.4
43 54237.4
44 53893.6
45 53939.1
46 54126.7
47 54301.2
48 54390.2
49 54329.1
