0 0
1 47140.6
2 47838.7
3 47841.9
4 50604.2
5 50610.8
6 50932.3
7 50932.3
8 50903
9 50948.6
10 50905.7
11 50930.2
12 51031.6
13 51007.6
14 50723.5
15 50715.3
16 50697.5
17 50659
18 50630.9
19 50684.4
20 50722.2
21 50720.4
22 51219.7
23 50693.8
24 50671.3
25 50973.9
26 51194.7
27 50906.6
28 51096.7
29 50940.1
30 50759.5
31 50789.3
32 50794.6
33 51032.2
34 51159
35 51274.2
36 51134.1
37 51194
38 51208.6
39 51224
40 51208.6
41 51209.7
42 51209.7
43 51225.2
44 51241.5
45 51233.6
46 51248.6
47 50859.4
48 50843.6
49 50883.3
