0 0
1 47678.4
2 48274
3 48421
4 48718.9
5 49187.8
6 49475.4
7 49765.3
8 50158.2
9 50021.3
10 50495.1
11 50565.9
12 50533.9
13 50329.2
14 51131
15 50604.6
16 51234.8
17 51523
18 51153.2
19 51329.1
20 51959.2
21 51774.7
22 51689.3
23 52023.5
24 51889.4
25 52069
26 52222.1
27 52215.7
28 52262.4
29 52497.5
30 52488.4
31 52505.8
32 52578.2
33 52745.4
34 52691
35 52871.1
36 53084.2
37 52879.3
38 53074
39 53057.2
40 53315.4
41 53580.5
42 54165
43 54006.5
44 53986
45 53881.6
46 53940.1
47 54117.8
48 54215.2
49 54557
