0 54496.2
1 53625.6
2 52413.4
3 54480.5
4 54820.2
5 54062.3
6 53889.6
7 53679.3
8 54600.8
9 54287.4
10 52418.7
11 53654.2
12 52073.4
13 51255.4
14 54594
15 54934.6
16 52767.8
17 54726.6
18 53711.1
19 54561.2
20 54427.8
21 52101.3
22 52383
23 51095.8
24 54750.5
25 53916.1
26 54480.1
27 54278.4
28 54952.6
29 54761.7
30 52313
31 54423.9
32 53336.5
33 53335.6
34 54107.5
35 54891
36 53623.7
37 53280.5
38 54803.2
39 53768.2
40 54885.4
41 54462.6
42 53770.8
43 52941.1
44 53362.1
45 54645.2
46 53875
47 52283.9
48 54315.3
49 54434.8
