0 33956.6
1 33970
2 34370
3 34498.7
4 34932.7
5 34948
6 35422.6
7 35692.8
8 35701.4
9 35854.6
10 35861.5
11 36267
12 36270.8
13 36277.5
14 36819.2
15 37104.1
16 37475.9
17 37899.4
18 38389.4
19 38736
20 39362.2
21 40112.8
22 40115.5
23 40700
24 41369.8
25 41374.7
26 41380.3
27 41385.2
28 42240.4
29 43287.2
30 43915
31 44567
32 44573.9
33 44579.6
34 44584.2
35 44585.7
36 44590.9
37 44594.8
38 44608.9
39 44596.4
40 46531.9
41 47623.1
42 49919.4
43 49923.6
44 49927.2
45 49935
46 49947.4
47 49947.9
48 49953.9
49 49958.9
