0 0
1 45330.3
2 45415.9
3 45415.9
4 45411.8
5 45407.8
6 45361.3
7 45349.4
8 45377.6
9 45379.8
10 45379.8
11 46632.8
12 46566.5
13 46605.9
14 45366.3
15 45368.9
16 45356.6
17 45349.3
18 46023.8
19 46009.3
20 46009.3
21 46009.3
22 46009.3
23 46033.1
24 46182.4
25 46068.3
26 46033.4
27 46033.4
28 46033.4
29 46033.4
30 46389.5
31 46033.4
32 46033.4
33 46033.4
34 46697.9
35 46009.3
36 46009.3
37 46026.5
38 46026.5
39 46027.1
40 46009.3
41 46042.8
42 46046.7
43 46048.3
44 46048.3
45 46056.6
46 46135.1
47 46132.6
48 46117
49 46046.4
