0 0
1 44910.6
2 44972.9
3 45336.6
4 46066
5 48213.8
6 48469.5
7 48489.7
8 48517.6
9 48530.2
10 48536.6
11 48524
12 48533.9
13 48547.3
14 48798.1
15 48732.2
16 48542.5
17 48711.6
18 48718.3
19 49099
20 48957.5
21 48700.6
22 48624
23 48700.4
24 48592.2
25 48595.3
26 48595.3
27 48798.2
28 48686.7
29 48586.6
30 48920.8
31 48641.9
32 48629.7
33 48451.9
34 48429.7
35 48387.7
36 48359.2
37 48438.3
38 48537.7
39 48242.1
40 48200.5
41 48129.2
42 48181
43 48181.4
44 48066.9
45 48066.9
46 48067.6
47 48093.3
48 48396.4
49 48247.9
