0 0
1 46901.8
2 46922.4
3 47624
4 47676.3
5 47819.2
6 47521.9
7 47703
8 47994.5
9 47579.6
10 47917.8
11 48157.9
12 48140.6
13 48258.8
14 48295
15 48423
16 48375.6
17 48734.7
18 49155.2
19 49007
20 49458.7
21 49471.7
22 49552
23 49569.6
24 49780.1
25 49806
26 49728.2
27 49781.2
28 50145
29 50056.3
30 50237.8
31 50069.3
32 50087.3
33 49796.3
34 49979.9
35 50308
36 50360.4
37 50271.1
38 50175.5
39 50139.3
40 50234.5
41 50409.5
42 50345
43 50466.9
44 50654.3
45 50495.8
46 50613
47 50636.4
48 50693.6
49 50719.2
