0 0
1 48678.3
2 49359.3
3 49586.1
4 49725
5 49798.2
6 49866.2
7 50069.9
8 50049.9
9 50071.1
10 50190
11 50373
12 50456.7
13 50468.5
14 50634.1
15 50477.5
16 50486.5
17 50464.6
18 50510.2
19 50454.2
20 50549
21 50706.4
22 50678.4
23 50699.4
24 50576.6
25 50647.9
26 50662.3
27 50767.4
28 50774
29 50735.8
30 50696.8
31 50710.3
32 50760.3
33 50820.9
34 50806.5
35 50771.1
36 50857.8
37 50857.8
38 50783.8
39 50779.6
40 50798.5
41 50837.7
42 50915.6
43 50833.3
44 50883.1
45 50964.9
46 50968.5
47 50964.9
48 50965
49 50968.4
