0 49723.4
1 50692
2 50987.6
3 51063.8
4 50894.4
5 49505.6
6 49803.4
7 50403.3
8 50918.5
9 50700.9
10 50697.1
11 50441.2
12 50359.6
13 50717.8
14 50668.4
15 50525.9
16 51068.6
17 50954.8
18 50674.6
19 50514.8
20 50968.4
21 50891.4
22 50428.5
23 50983.7
24 50937.9
25 50706.3
26 50369
27 50702.5
28 50871
29 50612.1
30 50892.6
31 50758.8
32 50939.4
33 50943.5
34 51045.9
35 51020.2
36 50733
37 50721.2
38 50944.8
39 50525.7
40 50845.2
41 50694.7
42 51027.9
43 51010.9
44 49719.4
45 50726.3
46 51029.2
47 51035.3
48 50899.5
49 50849
