0 28258.7
1 28349.1
2 28517.6
3 28717.8
4 28743.1
5 28745.4
6 28767.2
7 29026.8
8 29236.5
9 29470.8
10 29486.9
11 29698.1
12 29931.5
13 30150.6
14 30354.9
15 30372
16 30376
17 30536
18 30554.5
19 30796.8
20 30998.5
21 31010.4
22 31524.4
23 31539.9
24 31560
25 31618.5
26 31853.4
27 31859.4
28 31908.1
29 32136.3
30 32292
31 33043.3
32 33045.1
33 33262.3
34 33664
35 33757.3
36 33983.2
37 34000.1
38 34183.9
39 34201.5
40 34195.1
41 34406.5
42 34417.7
43 34431.9
44 34557.9
45 34987.7
46 35318.2
47 35827.6
48 35973.6
49 35971.9
