0 0
1 40742.7
2 45306.6
3 45306.6
4 45306.6
5 45306.6
6 45306.6
7 45307.1
8 45828
9 46850.4
10 47879.1
11 47879.1
12 47946
13 47946
14 48833.4
15 48268.2
16 48268.2
17 48618.2
18 48405.7
19 48268.2
20 48435.1
21 48296.3
22 48477.6
23 48677.7
24 48359.3
25 48301.4
26 48301.4
27 48301.4
28 48376.7
29 48831.5
30 48369.7
31 48369.7
32 48370.5
33 48370.5
34 48370.5
35 48370.5
36 48370.5
37 48857.5
38 48857.5
39 48857.5
40 48527.5
41 48528.3
42 48528.3
43 48537.1
44 48792.8
45 48573.1
46 48369.7
47 48369.7
48 48406.8
49 48406.8
