0 0
1 48293.1
2 49551
3 49579.1
4 49621.6
5 49636.4
6 49687.1
7 49686.8
8 49683.3
9 49727.3
10 49726.5
11 49731.7
12 49729.4
13 49721.9
14 49733.1
15 49739.5
16 49742.8
17 49762.9
18 49762.9
19 49762.9
20 49748.6
21 49801.4
22 49806.7
23 49810.4
24 49807.9
25 49820.3
26 49756.7
27 49775.2
28 49774.7
29 49754
30 49768.1
31 49751.1
32 49756.5
33 49766.5
34 49766.5
35 49810.4
36 49791.7
37 49760
38 49757.1
39 49758.1
40 49767.8
41 49764.1
42 49767.6
43 49767.9
44 49769.9
45 49767.6
46 49761.1
47 49769.3
48 49765.9
49 49761.2
