0 0
1 48326.8
2 48451.2
3 48903.9
4 48695.9
5 48692.2
6 48946.1
7 48694.1
8 48979.4
9 49329.4
10 49249
11 49356
12 49367.3
13 49505.7
14 49551.5
15 49542.1
16 49376.7
17 49735.4
18 49735.4
19 49582
20 49573.5
21 49555.9
22 49479.8
23 49634
24 49641.9
25 49634
26 49612.7
27 49520.4
28 49576
29 49572
30 49580.6
31 49548
32 49525
33 49540.1
34 49586.4
35 49554.3
36 49506.1
37 49553.1
38 49555.8
39 49606.4
40 49530.3
41 49550.6
42 49529.6
43 49534.7
44 49586
45 49573.9
46 49584.7
47 49610.7
48 49542.5
49 49527.6
