0 0
1 38165.2
2 45159.9
3 45855.6
4 48841.4
5 48863.6
6 49088.2
7 48870.3
8 49069
9 49308.8
10 49330.5
11 49386.4
12 49387.7
13 49334.7
14 49208.5
15 49288
16 49284.8
17 49404.4
18 49341.8
19 49275.4
20 49284.3
21 49287.9
22 49284.4
23 49287.4
24 49316.8
25 49350.6
26 49297
27 49312.8
28 49354
29 49319.2
30 49430.6
31 49355
32 49315.7
33 49324.7
34 49324.8
35 49310.8
36 49321.2
37 49494.6
38 49489.3
39 49495.6
40 49358.6
41 49358.6
42 49314.2
43 49432.4
44 49291.6
45 49287.4
46 49324.2
47 49269.1
48 49338.1
49 49339.3
