0 49918.4
1 49884.1
2 49711.6
3 49860.8
4 49783.9
5 49895.5
6 49918.2
7 49742.3
8 49765.7
9 49794.4
10 49761.1
11 49918.7
12 49768.5
13 49754.6
14 49762.8
15 49788
16 49749.6
17 49784.4
18 49758
19 49757.3
20 49768.7
21 49864.3
22 49782.2
23 49764.1
24 49759.4
25 49782
26 49747.7
27 49760
28 49876.8
29 49792
30 49916.8
31 49911.6
32 49832
33 49891.8
34 49871.4
35 49900.2
36 49782.5
37 49818.8
38 49741.2
39 49767.3
40 49789.4
41 49774.1
42 49757.4
43 49877.9
44 49859.5
45 49747.2
46 49789.1
47 49913.2
48 49780.5
49 49898.6
