0 27910.4
1 28321.6
2 28630.3
3 29286.3
4 30089.1
5 30089.2
6 30663.4
7 30922.5
8 31549.1
9 32105.6
10 32808.5
11 33667.2
12 34665.4
13 34809.9
14 36120.6
15 36188.5
16 36196.6
17 36473.9
18 38216.1
19 42272
20 42269.1
21 39159.4
22 42356.4
23 42396.9
24 42438.1
25 42446.8
26 42453.3
27 42476.7
28 42503.8
29 42551.5
30 42584.3
31 42619.6
32 42665.5
33 40974.1
34 42715.5
35 42767.7
36 42777.5
37 42829.2
38 42793.9
39 42870.2
40 42914.6
41 42954.7
42 42971.5
43 42977.4
44 43028.2
45 43036.9
46 43084.7
47 43092.5
48 43136.5
49 43194.1
