0 0
1 3684.43
2 3695.61
3 3691.99
4 3702.57
5 3702.57
6 3702.57
7 3702.57
8 3702.57
9 3729.84
10 3729.84
11 3713.98
12 3705.66
13 3705.66
14 3705.66
15 3706.85
16 3702.51
17 3705.3
18 3713.69
19 3702.53
20 3703.43
21 3705.26
22 3728.37
23 3709.74
24 3713.69
25 3704.31
26 3713.69
27 3713.69
28 3706.85
29 3706.85
30 3706.85
31 3724.53
32 3742.42
33 3743.35
34 3745.54
35 3745.16
36 3754.19
37 3742.42
38 3743.98
39 3743.33
40 3757.12
41 3752.4
42 3752.4
43 3740.21
44 3742.42
45 3742.42
46 3734.85
47 3730.55
48 3742.17
49 3726.47
