0 0
1 3735.92
2 3890.79
3 3926.87
4 3959.09
5 3964.17
6 3962.19
7 3971.55
8 3981.12
9 3976.08
10 3974.56
11 3976.18
12 3970.08
13 3978.17
14 3985.76
15 3971.36
16 3978.72
17 3984.03
18 3979.24
19 3985.86
20 3979.54
21 3982.39
22 3985.69
23 3987.34
24 3984.67
25 3985.81
26 3985.36
27 3988.88
28 3987.98
29 3984.99
30 3986.11
31 3987.31
32 3989.38
33 3989.43
34 3988.67
35 3989.61
36 3988.68
37 3989.39
38 3987.45
39 3986.3
40 3988.44
41 3988.94
42 3987.13
43 3986.93
44 3986.93
45 3985.59
46 3985.67
47 3986.84
48 3985.2
49 3985.2
