0 0
1 3274.38
2 3368.71
3 3423.94
4 3448.29
5 3462.97
6 3519.66
7 3558.98
8 3617.95
9 3632.84
10 3641.74
11 3672.58
12 3747.54
13 3804.24
14 3831.59
15 3855.34
16 3858.51
17 3864.85
18 3913.32
19 3920.45
20 3954.54
21 3961.04
22 3975.8
23 3967.38
24 3971.8
25 3976.87
26 3970.1
27 3972.7
28 3980.37
29 3982.15
30 3980.68
31 3981.57
32 3984.16
33 3985.79
34 3983.81
35 3987.47
36 3985.19
37 3988.16
38 3990.72
39 3989.51
40 3979.87
41 3964.68
42 3963.29
43 3983.49
44 3979.03
45 3982.66
46 3983.03
47 3983.03
48 3986.54
49 3981
