0 4109.43
1 3341.44
2 4110.28
3 4108.19
4 3345.26
5 3849.12
6 4110.81
7 3848.7
8 4108.97
9 4108.43
10 3846.88
11 4108.62
12 4109.53
13 3847.28
14 3849.19
15 4108.71
16 3339.44
17 3348.21
18 3348.6
19 3843.25
20 3349.24
21 4108.53
22 3848.98
23 3848.01
24 3846.37
25 3348.29
26 3343.21
27 3346.46
28 4110.51
29 3340.98
30 4110.13
31 4105.81
32 3348.14
33 4111.34
34 4107.13
35 4109.21
36 3848.69
37 4109.66
38 4109.29
39 4110.15
40 4110.6
41 3846.85
42 3349.14
43 3846.6
44 4110.13
45 4110.72
46 4108.61
47 3347.54
48 4109.39
49 4107.23
