0 2661.14
1 2662.74
2 2701.68
3 2737.05
4 2763.81
5 2802.49
6 2823.25
7 2856.59
8 2858.31
9 2878.82
10 2909.4
11 2915.38
12 2919.22
13 2974.68
14 2982.59
15 3002.54
16 3018.65
17 3036.41
18 3054.24
19 3076.42
20 3103.57
21 3108.13
22 3119.33
23 3137.63
24 3149.18
25 3169.82
26 3175.78
27 3201.98
28 3205.54
29 3217.63
30 3235.9
31 3235.9
32 3249.63
33 3277.23
34 3288.15
35 3293.47
36 3307.85
37 3326.3
38 3331.58
39 3344.98
40 3351.17
41 3360.95
42 3372.62
43 3385.39
44 3389.95
45 3410.42
46 3407.74
47 3419.16
48 3428.36
49 3432.66
